449.1
147.96
423.21
138.65
446.07
142.55
423.21
234.36
228.41
312.21
199.94
149.0
217.33
395.25
230.28
444.36
394.7
312.8
425.58
389.72
317.51
110.48
283.37
213.63
368.0
183.08
302.78
230.28
220.28
415.85
299.01
313.88
325.41
252.73
209.53
202.24
311.64
110.48
380.5
299.58
129.8
222.52
201.22
311.7
135.68
115.79
408.51
191.47
303.38
299.03
404.99
313.66
152.64
406.23
316.87
317.26
420.04
325.73
108.49
416.32
124.15
176.92
293.0
185.59
394.7
313.09
262.47
386.36
408.51
429.45
277.53
305.12
148.44
426.42
217.9
382.24
163.69
317.51
327.31
204.41
202.24
221.11
229.43
144.74
256.8
402.85
263.5
202.24
185.59
307.73
235.7
316.61
370.31
191.47
306.85
300.17
338.17
239.69
303.38
298.22
774.97
1537.89
868.75
1686.17
1235.4
605.66
1485.51
1559.81
811.48
1507.95
792.47
1530.92
1428.25
1607.2
1499.65
1517.43
827.86
791.94
1251.43
792.47
1687.45
1601.01
927.24
1219.21
836.64
1592.01
740.73
570.84
563.59
807.94
1528.86
998.09
1073.46
816.51
1477.47
749.35
1167.54
1409.72
1502.02
842.32
751.89
983.4
1108.64
882.34
1006.48
1338.44
1613.45
1582.14
900.92
1524.17
935.76
1545.55
1042.82
1553.54
1461.3
915.5
1313.37
1214.8
813.13
790.09
1366.29
625.47
1206.84
976.22
1526.04
1340.03
741.43
642.9
1687.45
436.0
752.66
919.18
893.17
1358.99
1438.78
1420.8
1579.31
749.84
700.38
867.83
1548.6
1386.8
961.0
1681.47
1000.23
1125.56
908.9
904.04
935.8
1553.54
1568.14
1325.11
915.21
588.7
493.27
1205.01
983.45
686.0
700.07
892.47
1884.37
1535.76
1615.92
942.81
1529.08
1990.81
1096.09
941.73
1210.43
1704.8
1581.85
1336.56
1579.77
1105.45
1782.06
1704.68
1561.16
1092.61
1786.15
1578.58
1065.34
1330.55
1922.56
1750.27
1642.53
609.15
1332.76
1848.69
1087.86
1652.12
681.44
1643.07
1132.88
694.16
1010.02
1765.99
1115.53
1702.25
1706.08
1569.18
1096.7
1533.26
747.35
1687.04
1700.78
1848.59
1897.31
1820.93
1575.71
1799.73
1284.95
1252.08
1870.2
1536.05
1891.6
1057.5
1542.41
871.6
1540.41
1219.65
1524.25
714.06
1852.88
1315.2
1645.03
1747.75
1704.8
1272.66
1477.4
1904.67
1668.45
1814.23
1619.45
1267.48
964.9
921.59
1868.39
1383.29
1697.32
926.64
1964.03
1197.65
1512.43
1985.87
1641.04
1756.62
1841.85
649.81
1695.9
1182.41
1861.28
1879.53
2014.68
1930.83
1037.35
1501.08
931.67
844.56
1678.27
1683.21
1485.31
1062.81
1374.41
845.28
1422.76
861.72
1056.93
1455.54
1391.25
1581.49
993.29
1300.31
1120.79
1258.76
1270.37
871.25
1045.25
728.99
1144.68
1050.83
1525.96
877.4
779.79
1476.18
1543.84
1147.97
1213.83
1637.39
1193.14
980.8
663.38
667.1
665.17
1855.08
1340.22
790.98
759.41
578.45
1015.24
1046.35
740.56
920.29
1262.92
1442.55
951.59
1056.01
1376.5
646.48
970.33
1207.37
1826.03
1060.42
652.68
1207.37
683.69
750.49
1369.2
1397.67
667.28
746.86
764.85
1206.53
1799.36
1382.21
702.88
1655.38
1472.43
891.6
743.95
1160.72
964.39
1134.63
1397.67
1331.44
1359.47
1122.21
1427.48
668.64
755.53
1231.92
786.63
1018.32
1374.41
590.48
1225.73
703.55
1840.29
560.5
948.97
1368.43
647.21
1017.34
722.99
1392.53
1816.19
1118.9
1421.73
783.93
1146.45
1684.61
871.86
555.81
812.72
868.18
555.39
309.66
767.78
781.19
535.55
683.93
551.56
710.32
785.39
949.45
659.84
533.71
1056.19
455.6
980.06
450.93
838.99
347.51
769.29
891.88
632.3
731.77
935.8
491.64
420.23
1023.36
426.49
644.53
615.21
777.59
494.02
1075.4
871.29
671.21
778.59
727.22
1003.34
887.46
399.47
298.67
530.04
986.68
577.55
600.35
898.15
627.34
293.86
294.79
293.95
677.09
1216.08
539.83
923.68
761.82
469.99
832.71
843.2
780.59
962.09
700.35
1185.86
489.68
878.83
1152.08
1219.87
303.68
753.4
860.23
1062.23
1144.66
771.75
757.63
1047.14
1066.85
870.44
436.19
413.9
787.33
313.06
328.84
742.9
652.22
1081.59
875.93
741.91
1087.28
506.43
668.13
409.04
756.78
333.26
309.45
1047.14
846.12
767.16
766.31
1016.95
858.31
646.77
291.54
1027.35
212.15
760.1
649.73
851.86
663.59
902.67
742.24
673.46
459.94
293.67
835.24
760.42
1210.55
842.68
457.26
1005.51
754.09
1204.49
459.94
640.13
488.86
658.63
824.14
797.84
338.36
661.94
947.67
858.68
646.24
291.82
824.14
984.57
313.87
1082.4
666.53
911.59
1036.84
825.1
316.5
511.26
400.82
1195.08
1097.86
384.14
757.86
1499.03
1229.49
1341.29
1459.02
1358.99
523.25
724.31
776.33
1157.45
1463.43
759.17
1462.9
906.39
667.88
1466.07
708.07
751.41
560.57
987.04
1369.98
622.93
668.37
960.72
1515.76
1307.94
721.04
1482.26
724.31
1260.74
693.72
670.13
1144.6
612.93
594.46
758.54
1514.51
1271.74
970.29
1165.16
1275.97
1490.81
937.24
1043.48
1507.6
759.42
664.52
1460.76
1232.6
884.39
1406.91
1442.07
798.15
1540.18
1462.71
560.57
1457.88
875.0
664.85
867.83
1525.87
868.92
1018.69
1232.07
1521.58
1457.54
799.13
1165.16
1465.69
1441.22
721.59
1504.41
507.14
1406.07
493.27
851.01
1438.78
1318.95
787.96
1491.46
1043.16
924.14
638.21
760.08
1516.82
884.09
661.22
1502.31
1462.9
788.15
1501.92
586.4
1001.21
729.86
1000.53
984.21
1126.77
684.31
1216.66
1474.9
833.94
1856.45
1887.35
1961.36
1906.55
1823.82
1929.22
1913.55
1953.9
1999.51
1923.75
1983.36
1896.21
1848.62
1974.62
1867.3
1916.64
1811.4
1913.55
1852.87
1870.22
1845.98
1847.82
1887.66
1905.12
1888.93
1815.22
1856.98
1965.96
1782.23
1945.98
1858.64
1810.05
1948.88
1907.54
1985.86
1774.32
1812.64
1912.29
1871.11
1791.56
1881.9
2001.2
1912.81
1865.11
1847.53
1870.08
1900.41
1767.33
2083.99
2091.73
1822.01
1934.25
1833.8
1875.41
1930.49
1837.35
1917.47
2039.33
1837.12
1822.1
1815.41
1897.77
1831.36
1862.34
1946.71
1866.85
1937.71
1859.87
1919.38
1812.64
2094.38
1857.8
1885.87
1946.5
1850.95
2040.26
1869.5
1933.49
1890.41
1849.09
1879.6
1848.21
1870.26
1886.58
987.41
1874.02
1884.71
1854.11
1871.46
1961.12
909.36
1893.68
2039.17
1860.72
1921.18
1822.94
1909.94
2014.5
882.81
1855.35
1326.94
1221.95
963.25
1867.02
1503.29
827.95
1243.11
1382.53
603.28
1191.87
2048.49
1518.05
1895.27
1801.27
1504.74
1970.79
1711.55
1866.37
1760.78
1449.07
1369.93
2119.63
1788.2
1821.7
1552.61
1465.24
1572.02
833.59
2002.09
1470.51
1708.98
1574.6
1804.72
1083.72
1538.04
1988.52
636.75
1824.37
1659.66
410.39
1872.97
1870.52
1207.88
635.68
1337.41
1705.1
1905.32
704.97
1611.19
1437.93
587.63
1465.58
1277.98
1988.25
1554.87
1027.54
1503.58
1873.05
1401.54
1893.21
1283.03
1032.55
707.7
156.76
1361.5
1294.24
1222.03
1961.91
1349.17
840.83
1513.1
1388.17
1402.22
478.83
1488.9
1584.52
1534.89
1666.09
726.33
1616.21
1189.27
954.75
1498.36
1870.77
626.04
1741.83
1488.18
1727.32
1006.72
1770.35
2057.78
817.85
1305.37
1358.38
1499.61
1674.13
1796.59
1333.72
1145.61
1251.43
1548.32
1867.33
1571.11
1756.28
1884.26
1838.0
1870.63
1813.14
1348.49
1662.93
1453.84
1337.41
1173.82
1424.17
1474.62
1259.63
1481.03
1440.45
1335.84
1612.39
924.83
1562.52
1787.72
1183.19
1270.21
2095.75
1189.84
1714.63
1544.73
1912.02
550.31
1420.8
1403.11
1097.42
605.96
1478.29
1075.14
1197.02
1787.04
1314.28
875.98
1367.7
829.43
1849.34
980.3
1925.5
1923.14
1165.42
876.46
1755.56
1675.17
1614.02
1982.98
2095.13
1544.43
701.54
1612.65
733.26
1228.79
1825.26
1892.1
782.06
659.37
1347.06
1604.06
1178.66
787.69
1633.31
1562.27
1932.98
1866.58
1865.35
1000.98
1844.74
1408.53
1379.51
1716.82
1976.17
1608.83
1707.73
975.85
1831.31
1895.03
1584.07
1569.44
1456.27
533.34
1085.63
753.27
1466.72
2005.47
1895.31
1317.25
1497.32
1150.52
1503.85
1734.37
1842.5
1342.52
1612.76
1492.32
1363.89
1864.95
1548.98
1073.46
1678.71
1424.86
1536.07
1611.56
2005.47
1465.21
1630.11
1755.15
1493.32
1638.19
2092.56
1831.99
2080.78
1554.03
989.37
1167.54
2103.84
1917.5
1874.67
1433.01
1610.2
952.65
490.53
1429.31
1666.29
1255.72
1061.9
1208.24
1852.97
1964.94
1602.11
1698.35
1976.46
2054.4
1746.62
1532.97
1595.33
1825.49
1526.92
2014.84
1564.77
1335.23
1832.27
1738.28
1891.32
602.51
777.34
1922.56
1555.9
1716.81
2111.61
1597.8
1909.66
1593.76
2000.87
1270.28
1780.21
787.36
1554.92
1630.79
842.1
1349.54
1475.88
976.45
1862.3
1631.91
793.8
1568.47
1806.33
734.94
1269.59
1645.5
1846.47
1813.99
1486.75
1023.78
1000.73
994.9
1474.03
1411.89
812.39
854.82
1122.7
1061.54
1785.46
1530.79
1043.16
837.17
1265.32
1138.42
1595.14
614.94
1362.97
1217.71
1719.71
724.78
1345.15
1009.76
1892.13
1411.14
1497.8
1823.14
1740.44
760.43
1841.17
1721.1
1037.35
1148.91
1613.9
1570.15
1207.41
1699.87
1782.77
1652.25
1613.45
473.17
1771.17
792.49
1320.48
1341.1
1614.39
1212.85
1586.61
1798.39
969.04
1487.56
1207.93
1872.23
1643.54
1391.44
627.81
1225.35
1952.76
1652.44
879.01
1817.66
1467.57
1260.6
1781.06
1497.7
1437.93
608.15
1023.75
1814.36
1737.01
924.32
985.48
1835.33
1146.45
1400.96
1754.58
1655.41
1487.92
863.88
1779.82
1625.95
1787.06
1869.72
1353.07
1521.73
1633.93
1863.19
787.36
1671.16
1700.39
1532.81
1469.72
1815.21
843.24
1669.21
1494.16
1896.15
1956.24
1607.35
1655.68
1503.95
1846.47
1684.71
971.03
1032.49
1290.58
1321.3
1516.71
1791.78
1968.48
1492.79
1245.12
1239.5
1160.6
1488.37
1236.9
1898.76
1731.98
1697.46
1294.24
1676.78
1723.82
273.93
2101.99
1388.17
1680.01
1574.87
1840.21
1928.62
919.98
641.26
1199.05
743.96
1815.43
848.55
1892.18
477.62
1418.46
1685.02
1547.24
1603.66
1455.13
1162.11
1792.95
1013.46
1673.58
1677.73
1493.64
1937.43
1735.82
691.55
1620.1
611.18
1580.56
1330.59
1792.22
868.75
1459.71
1194.22
968.62
1659.64
907.82
1667.47
1667.21
1629.65
2003.09
1780.58
1493.25
1185.82
1162.91
1719.01
1274.58
1569.02
1336.53
746.82
1139.9
1465.4
1043.79
1789.54
1422.57
2045.99
496.6
1883.8
1444.05
1846.53
1660.88
415.05
801.79
1761.87
663.45
1044.91
1494.08
1460.0
1692.69
1394.81
1810.37
1393.48
1743.83
805.18
1494.99
1532.19
1139.2
1492.32
1549.79
1630.07
436.39
1155.68
775.19
1411.93
1528.43
1074.95
1263.12
951.57
1139.33
1077.24
1521.34
1881.87
1946.22
1925.42
1371.09
1930.83
1838.45
1059.93
1249.8
849.97
1012.61
1519.01
1214.57
1817.59
1874.97
1519.01
842.59
1685.69
1227.65
1635.41
1752.02
1959.73
1188.37
1822.54
868.75
1598.48
1325.43
1129.45
1697.13
1388.51
1647.2
1814.0
875.82
1240.94
1562.26
732.16
1579.63
1358.57
837.86
1814.1
1522.33
2101.05
1220.34
495.59
1072.29
1512.67
1905.1
1796.7
1744.29
1390.22
837.65
1588.52
1665.59
1370.25
1476.77
1998.51
1388.17
1586.91
1346.87
1658.39
1818.54
1810.4
1873.75
1317.01
1109.42
1049.25
1440.42
1568.75
939.37
1878.88
1543.12
814.7
1546.83
1882.98
1505.97
1129.67
971.26
1505.97
1239.65
846.19
1392.16
961.3
1465.4
1273.16
1283.83
1621.13
1026.99
1267.99
1245.04
1148.66
1480.15
1682.83
793.13
1700.96
1246.3
425.06
1471.62
988.27
1451.91
1137.37
1629.65
1259.02
1510.02
1408.15
1740.46
1087.86
1554.69
1225.97
1629.72
1955.1
2075.96
1705.66
1282.99
668.2
1797.64
1585.62
1492.94
1398.42
1610.6
1875.51
1548.58
1499.73
1508.03
1077.74
2026.25
1781.87
1961.7
1219.17
1482.5
1725.31
1642.41
1441.83
690.52
1868.77
1513.03
1819.31
1430.9
888.13
1758.66
1817.22
1397.11
1946.74
1488.69
1563.17
712.84
1469.96
2010.87
1518.58
1696.59
1893.97
1705.07
1480.94
1824.17
1493.03
1516.28
1520.27
1564.16
1638.91
2092.99
946.57
791.41
1781.44
1501.68
1302.12
377.09
1397.43
777.55
1008.78
1821.92
996.45
1528.37
1720.62
1795.88
1457.66
1873.25
1316.01
1088.02
1538.54
1909.67
1549.15
1627.11
619.99
1478.85
1024.68
1636.7
1516.86
1255.26
1466.58
1668.42
1573.89
1260.03
1682.91
1494.38
1592.7
1786.84
1206.08
1903.09
1472.98
1824.27
1090.09
2025.94
1670.13
2033.39
1366.39
1047.54
2028.69
1796.81
1513.9
1009.52
1513.45
1861.95
1571.48
1611.45
1437.07
408.58
1658.92
1000.73
1398.9
1251.15
2131.53
1339.23
1428.06
1697.62
1119.91
665.11
1423.28
1527.79
1415.51
1529.73
988.53
1097.71
1489.67
1496.76
1485.33
1495.13
1898.7
1626.84
1205.93
897.81
1465.03
1747.38
1602.54
1427.49
1492.2
705.73
1193.6
1016.16
835.22
1336.92
1640.13
1582.66
1837.35
1243.11
1702.4
954.83
1631.32
1829.38
1171.64
2023.14
1230.39
1832.81
700.38
587.33
1503.73
1105.45
1778.78
1261.64
1839.81
1594.7
1490.38
1665.06
1226.16
913.82
1787.35
1776.22
589.06
1221.22
837.8
1159.74
895.31
1454.16
1459.55
1549.95
1912.98
640.97
924.14
544.76
1395.03
1159.2
1505.8
977.33
2151.33
1556.74
302.56
1516.74
1291.01
678.1
1191.41
1445.16
895.73
1814.0
781.7
1698.35
920.84
425.85
1474.28
1144.4
1559.27
1534.66
1166.29
1624.35
383.72
612.4
1699.17
1756.95
754.55
892.97
1192.75
1459.59
1508.78
1433.74
1782.39
412.37
1331.79
822.4
1530.64
1664.08
1738.76
1655.91
1484.59
1879.38
1413.18
1961.62
1229.34
1622.6
854.45
1503.68
1233.49
843.02
1574.28
1609.05
1609.43
1713.31
1490.19
1651.29
1476.05
1124.5
1405.04
1273.99
925.44
1728.43
1608.43
1505.92
1402.52
2089.7
1805.6
1753.4
420.41
1159.36
1257.0
2057.97
1554.61
1104.69
1496.95
997.66
1918.12
1670.44
2043.16
1631.69
1478.37
1032.92
2071.99
1720.95
443.39
1265.12
873.23
1398.21
1608.99
1506.42
1508.72
1706.49
1542.58
1883.69
1491.97
1209.39
542.65
1671.86
776.31
1550.82
1528.37
1068.61
663.59
817.3
1441.17
1066.31
1612.14
990.37
1831.45
1698.83
711.19
1545.72
1454.16
1470.11
1334.12
1369.82
1783.74
1519.74
1897.77
2103.3
1898.38
1657.15
1424.91
1142.42
1434.07
1501.68
1701.56
1728.43
592.9
1807.65
1905.07
1891.18
1718.69
1353.36
1400.84
1154.07
1316.35
1742.02
745.92
305.15
961.93
604.7
1320.73
1023.04
870.0
663.85
859.3
1592.29
1487.36
624.99
1075.07
1795.45
848.04
1818.39
1824.17
1456.65
1697.5
393.06
1478.47
1456.29
941.42
1314.46
1463.8
1211.11
2002.76
494.05
1539.99
729.95
2158.36
1253.93
1909.09
1121.24
1442.98
1307.14
1649.01
684.5
1405.23
429.48
1469.03
1696.71
1860.93
512.76
1782.0
776.64
1077.01
995.28
1231.97
1675.87
1396.85
1521.73
1613.6
921.61
671.12
1227.65
1936.8
1810.78
1165.75
1992.31
1875.64
1643.57
1007.66
1547.65
1486.62
794.15
1675.72
1250.76
1796.64
1389.85
1421.18
1672.24
1561.88
1395.76
1699.06
1754.32
1635.81
1508.51
1299.66
1576.73
1823.81
1075.94
1670.3
1174.69
880.1
1734.28
1661.43
1945.3
997.81
1107.43
1150.43
1146.53
1867.39
1233.54
2000.54
597.98
1372.9
1450.68
1337.11
1510.51
1793.98
1946.59
1575.2
1253.93
1297.21
1744.45
1946.67
494.74
1890.27
789.93
1071.14
1781.45
969.07
1449.93
576.5
1909.9
1521.94
1969.14
1983.03
1249.8
1598.37
1515.66
1994.71
1631.69
1492.79
977.95
844.03
1586.16
851.86
1699.68
1497.51
1389.08
2151.53
1623.06
1581.57
1550.61
1141.97
1756.28
1736.5
1871.47
669.58
1027.55
1043.16
1546.49
1836.08
1766.73
1491.86
2037.09
1664.54
1487.51
1614.39
1742.7
1528.37
1900.25
931.63
1434.95
960.78
1737.01
833.54
1721.18
646.24
1303.38
854.85
1287.27
1291.01
1189.19
522.73
1428.76
1417.69
1605.0
1211.51
744.81
1111.85
1678.71
497.9
683.25
1640.22
1737.16
1242.29
1753.86
1603.77
1744.89
1607.81
1632.61
1663.63
1383.6
1741.08
1562.13
1260.66
767.42
1087.86
1106.76
1516.51
636.01
1522.74
1845.58
1705.17
1371.82
1538.22
926.81
1750.82
2106.44
1505.66
1195.65
1820.93
1215.28
1413.41
1539.88
1607.74
987.17
1174.51
1908.13
1837.79
1901.7
1418.78
1589.9
1820.12
1647.08
1969.14
1779.55
1598.87
1718.54
1412.41
1803.08
1432.24
1572.02
1339.26
1469.82
1567.94
1448.22
883.88
665.25
1692.71
1587.55
1245.45
1150.08
1099.87
1513.08
1269.11
649.73
718.58
1552.1
1705.66
1552.54
1504.28
1988.29
1925.11
1909.08
1253.51
1621.8
1011.64
1406.28
1044.74
1835.68
732.12
1720.45
1185.59
1722.58
855.58
1412.98
1615.97
1007.04
1475.41
1751.28
513.8
1408.83
1275.31
1467.12
1415.69
1565.17
730.36
1377.69
1492.73
187.73
775.54
1893.56
1559.84
898.06
1157.33
1836.91
615.92
721.42
1818.38
1686.44
1692.91
1852.97
1946.41
1287.48
1577.25
1210.36
1864.05
1729.06
1587.07
1626.04
1994.97
611.17
1780.54
1438.78
1557.64
1518.05
801.4
1268.14
1655.69
1482.99
841.75
1403.55
1870.6
1536.06
906.71
1526.46
1330.07
1650.31
1858.93
1875.82
592.67
168.06
883.26
1668.87
1756.47
853.42
1600.91
1559.68
1776.9
1696.78
1692.15
604.66
1836.32
1881.9
1552.09
1775.84
1914.56
1456.24
1887.19
1508.61
1225.2
1452.29
899.96
1677.44
1521.33
1781.5
1189.33
1474.84
274.02
1858.9
1423.77
1429.27
594.87
898.6
1856.62
1584.48
1736.25
943.31
1771.31
1443.09
947.48
1904.71
1333.43
929.22
729.38
1314.86
1868.06
1888.96
1396.54
611.52
1217.99
1159.79
997.83
1699.39
1279.49
1281.47
1374.6
1506.88
1406.18
1827.04
871.48
1463.8
1839.09
1639.81
349.22
1932.77
1531.89
2075.96
1796.59
834.49
1157.59
611.35
1702.9
1701.19
810.98
1135.48
1691.63
607.02
1066.87
881.34
1597.42
1517.99
2028.26
956.88
1222.59
1194.48
1592.89
1922.9
720.45
1846.79
1381.52
1465.78
706.91
1730.29
1536.07
1924.41
1771.35
694.1
1587.49
1256.31
1829.38
1448.21
1607.32
1670.74
717.55
1214.76
1002.76
958.52
1510.21
1569.64
1807.84
1481.16
1451.42
1543.75
1260.3
1429.83
1530.3
1896.08
1025.82
1823.65
1598.0
1691.82
1470.25
1040.43
1469.01
1963.75
1695.32
835.15
1573.76
1450.21
1972.39
1643.29
1717.74
1784.06
1413.89
1500.17
1618.65
1809.45
1157.32
1540.18
849.79
1748.26
1820.67
477.62
1649.21
1879.27
1893.25
1499.33
1411.27
794.54
1162.26
1859.05
1136.48
1735.59
1273.99
810.81
1533.3
1542.75
1455.53
1827.2
1236.49
400.15
880.74
1754.3
2026.48
1857.1
1688.19
1964.33
1342.74
1579.38
1753.74
1636.34
1405.27
1489.92
1488.3
1594.14
1019.34
1592.54
1575.02
1130.48
970.27
657.16
1866.15
1241.01
1475.1
875.93
1167.84
1431.22
1605.21
1054.92
1373.24
1762.44
822.37
1909.15
998.58
792.79
1698.83
1093.05
1702.75
1923.01
1095.81
1817.66
1957.57
1890.26
738.61
390.11
850.46
1540.44
1793.9
578.73
1803.08
1816.68
1321.17
1632.94
894.73
695.08
1685.02
772.23
131.36
1325.24
1844.05
1695.49
1634.7
1940.94
1692.62
1946.15
1633.2
1431.95
1379.55
1663.91
906.29
1512.07
1472.9
1811.0
1194.92
1714.8
1229.46
1686.55
1582.57
1500.13
1482.46
1305.95
1842.59
1011.48
1780.54
2088.32
743.79
1831.74
116.45
1958.1
1374.1
1687.39
1733.64
1084.78
1815.94
1938.63
1607.51
1591.91
646.41
1479.0
1766.63
1582.48
1433.21
1770.1
1136.66
1869.27
1693.67
1309.06
214.18
1841.17
414.18
303.4
1220.29
873.23
1808.26
1785.85
1448.98
1834.95
1699.93
1490.39
1561.29
1094.88
823.16
1737.86
1290.23
1708.45
1454.88
1456.51
1713.58
1626.16
1543.69
672.17
526.75
1453.26
1858.39
985.17
665.25
1247.88
1137.53
1365.2
1037.15
1652.78
1550.82
1843.17
830.51
1820.67
824.95
1970.44
1930.35
1486.62
1185.96
1546.56
847.33
1936.69
1322.1
966.22
1633.23
1061.18
842.01
542.16
904.27
511.21
1907.8
1864.95
1689.41
1297.2
1211.14
444.4
1625.55
1759.75
1151.58
397.01
1599.79
1592.7
541.15
1405.7
708.75
990.51
1152.97
1965.07
789.04
414.82
1314.93
1867.33
1519.27
1838.92
1905.87
1282.56
1621.3
1956.99
1276.41
890.86
1028.12
1743.56
1309.65
1571.93
1006.39
1607.64
2054.02
1663.31
1199.65
1972.11
1920.19
1352.17
1738.27
1561.04
977.14
1937.7
1415.36
1247.09
1545.78
1797.82
1522.33
511.52
1527.74
847.84
1070.1
255.78
1637.65
1853.47
1766.63
1217.23
1321.24
1720.64
1905.12
1691.56
1198.16
1454.73
639.32
1856.5
1803.96
1098.73
1798.04
1277.73
1692.69
1898.95
1588.71
714.43
922.97
1516.56
1844.5
1554.26
1231.32
655.93
1382.84
1159.58
1815.21
1550.61
1849.0
1556.52
940.8
1856.22
1504.68
1627.11
985.66
1532.11
1113.36
990.05
1464.48
1629.64
1544.93
1523.98
1856.16
1290.27
808.53
943.31
1797.82
1696.31
1693.47
1405.91
1272.97
1322.25
662.39
1987.85
1188.49
1921.73
1007.88
1606.8
603.31
1548.65
1272.73
1031.55
359.93
1675.87
1727.65
603.45
1159.91
2016.23
1882.93
1191.4
1824.92
1518.29
1532.48
1714.76
1465.78
2099.79
986.4
646.27
1981.99
1596.57
1562.43
1786.26
2139.4
1493.94
1651.71
1568.33
1428.11
1213.32
1274.59
1280.64
1647.87
1474.71
2003.89
1512.92
1587.68
1663.68
1637.23
1061.95
1827.08
1065.5
1433.25
1383.82
1647.38
1968.8
589.43
1142.83
1445.21
1948.37
1844.5
1193.95
1871.23
1646.22
1649.92
1647.88
906.16
847.4
1799.96
375.42
1902.33
1936.52
1865.41
1740.46
1537.11
1519.62
1488.86
1803.15
155.8
1633.8
1213.81
1225.04
1913.43
1299.17
1212.85
1494.34
1601.36
1674.31
1508.0
1542.75
1332.6
1822.01
863.36
1516.44
1209.34
1213.3
749.55
757.08
892.97
1711.3
549.54
1554.26
888.36
1530.39
1878.36
1891.06
1528.22
1885.68
1488.86
1391.64
1643.54
1913.43
1185.24
572.93
1212.12
1754.1
1587.85
1856.42
1920.87
700.21
457.99
1780.15
1151.43
1835.68
921.61
1849.02
1040.01
1616.81
1208.39
1078.6
1350.98
1395.37
1873.44
1225.13
1943.75
1512.67
1472.48
1677.45
1640.79
1900.73
1703.01
1532.11
1403.23
2089.36
1168.01
771.41
1638.31
1278.39
1593.86
870.89
1297.27
1277.43
1654.4
1574.9
1872.25
1241.64
1461.98
1582.64
536.42
1663.86
1523.7
1841.92
1871.99
582.84
591.92
1651.41
1839.23
1230.16
1832.05
861.35
1209.68
1370.73
764.87
2152.42
1436.98
1101.74
1885.07
944.3
1480.22
1001.21
864.35
1461.65
1541.95
1805.85
1506.77
1691.27
1629.73
1146.34
1835.64
1653.94
1529.86
1873.25
295.26
1722.41
1321.11
1696.36
648.91
646.28
1924.14
1849.91
1220.68
945.36
1554.69
1872.87
1679.83
1327.26
1667.04
1586.66
1258.64
1778.04
1621.13
1605.78
1143.07
1351.48
944.9
1786.88
1959.92
1548.12
1945.62
2092.9
1846.11
1635.9
1637.45
721.34
967.91
1493.31
813.88
1443.34
1468.53
1867.13
1166.61
1696.65
1622.05
1578.03
1735.3
1556.1
1808.68
206.41
1081.87
665.1
1465.07
742.52
1905.76
785.24
2127.29
1607.81
1360.67
1060.32
430.99
943.31
1713.19
1480.51
1636.33
1021.3
898.83
1423.04
1383.63
1612.03
963.36
962.79
1574.6
1580.17
1900.58
846.29
1406.28
552.48
807.26
1698.35
1498.13
1820.12
1505.83
1621.96
1521.84
1821.71
847.42
1197.52
1917.14
1501.41
1628.87
708.51
1471.71
1751.98
348.62
1857.56
1835.64
1075.5
1540.88
987.7
1741.55
1221.95
1444.11
1496.43
1487.43
663.85
1724.74
1618.67
1635.35
936.47
1070.26
1931.38
675.34
1786.88
1892.13
902.42
1480.42
1869.1
1548.49
806.65
1834.58
1193.62
1295.33
1448.81
1823.27
1001.5
1309.4
1988.67
1626.44
1196.97
1659.23
1739.44
1395.57
1113.86
1516.16
1157.32
668.2
1235.79
1470.5
385.62
1626.87
540.0
1517.43
1270.25
1723.88
1744.0
1851.68
1443.87
1541.73
370.51
927.22
1484.13
1847.72
1193.62
1631.89
1911.41
647.57
1461.61
1545.89
1176.62
1531.77
403.52
2153.0
1447.9
965.46
794.54
584.54
1832.51
1445.13
1462.02
1921.46
1855.07
1242.28
1584.72
1526.12
1026.19
1830.93
1617.31
1622.6
1640.29
1491.86
1971.23
1496.66
1730.65
1118.0
936.62
1708.19
1818.39
1433.37
1023.12
1934.26
1462.71
1784.56
1635.7
1642.71
1487.06
1213.48
1579.31
1337.41
1924.67
1224.33
1750.63
1714.28
1588.17
2048.49
1347.99
1462.71
1647.63
1576.97
1425.34
941.34
1044.66
1629.41
1515.94
1815.55
1587.07
1333.72
927.24
1171.78
1015.01
1875.64
1551.45
1313.13
1804.14
1431.22
1694.23
2087.16
1837.58
1581.34
1602.09
1663.15
1224.58
577.82
1627.72
2017.04
1813.44
1765.81
2212.56
1700.99
1854.23
1341.19
1000.37
1344.52
1723.68
1605.66
1649.56
1221.22
1627.11
1657.53
907.82
1842.59
1413.18
1972.76
2044.55
1252.17
916.09
1575.21
1829.59
1827.03
1676.29
938.48
2031.78
1876.63
1838.92
1484.03
1599.78
1917.81
425.24
614.15
1427.49
875.03
1447.76
1172.44
1768.53
1160.12
1231.97
1172.61
1240.44
1707.85
1661.29
1402.15
1213.48
1743.43
523.68
1556.0
937.9
1989.69
1515.42
1491.41
1332.69
1480.5
1737.48
1361.89
1121.5
414.3
804.72
1563.6
849.52
1452.76
1554.92
1580.01
2138.04
1872.39
1792.04
1584.75
1695.44
1443.47
1893.17
1489.08
1642.74
1824.92
1974.49
1439.5
1790.45
1566.07
1548.59
1854.52
1113.64
1338.69
1989.49
1975.24
1439.5
957.15
1657.6
2002.1
1518.6
1684.06
774.66
1959.49
899.02
1766.55
722.94
1270.69
1578.03
675.05
1542.57
749.1
1860.87
1808.29
1699.64
1160.02
1160.6
1398.79
1930.98
1836.75
1504.08
1709.77
1344.73
957.01
1657.53
1213.19
1565.61
1183.73
1515.86
1857.8
1950.14
1912.55
1495.32
943.78
1829.04
1149.83
1658.92
1436.9
1699.19
1242.64
1001.21
1233.19
1633.31
1482.58
1612.2
1084.23
1680.79
1662.74
1788.86
2003.66
1765.93
418.12
1414.06
1153.9
1413.86
2167.87
819.66
1577.11
1828.22
1198.88
1323.1
1868.13
1787.15
1545.67
1665.74
574.78
910.47
1227.65
1567.69
1526.19
1595.33
1631.44
1622.93
1502.24
1598.38
933.74
1668.9
1818.59
1920.86
1894.51
1803.09
1519.72
940.3
930.33
1601.17
927.09
1520.88
1500.39
1582.94
990.75
1709.38
2010.99
962.98
807.98
964.2
1012.69
1737.71
1322.96
1806.33
1840.55
1592.78
967.07
1459.2
985.2
1311.64
1677.5
1134.78
1654.23
1485.7
993.04
879.02
1455.25
1052.24
1900.65
1369.23
1315.57
1663.47
1489.97
796.78
1208.9
1491.07
857.45
654.86
670.09
386.19
1328.77
1845.13
678.8
1581.0
1592.0
1725.87
1566.58
1829.43
1907.76
824.59
1451.26
2121.43
1528.01
1789.17
1361.18
1313.42
1691.28
1343.86
1262.92
1090.99
1548.59
1681.9
1460.2
1218.06
1702.79
792.47
1165.34
956.93
1642.87
1075.44
1394.51
872.13
945.43
1429.85
1085.51
970.54
414.34
1755.9
972.07
836.66
1870.6
714.85
1921.49
1356.8
1633.05
1811.5
1496.51
873.48
1807.06
1845.77
1815.73
725.97
1052.38
937.77
1667.06
591.57
1505.49
1649.61
1481.88
1913.68
1065.33
1147.41
1696.58
1507.83
1970.11
1918.23
1460.9
1664.74
1723.95
685.55
1589.18
993.65
1777.12
1081.87
293.42
799.08
1296.84
1757.89
1872.49
933.68
1525.87
1367.34
890.89
1430.12
1637.48
1481.97
1568.61
1819.05
803.32
1607.16
777.94
1795.7
1121.25
1264.33
1097.96
1934.54
1426.0
1339.52
1935.99
1640.31
1228.74
1866.45
1629.59
1447.09
2018.66
1736.22
1107.68
1519.62
1362.1
1642.25
1189.27
1730.65
1208.11
1607.16
1676.78
1926.93
1814.29
2142.19
2089.68
751.41
1480.5
1892.72
1559.14
718.04
789.52
1149.83
2027.31
1346.64
1439.69
1799.63
928.21
1623.55
1620.26
1737.16
577.82
1081.85
1732.18
1727.26
961.36
1154.76
1958.31
1797.82
1719.71
1714.37
1329.82
478.59
1929.08
1606.26
1231.15
2131.53
1462.15
821.39
1330.9
1626.35
1724.53
1811.35
1808.68
862.15
1599.89
1338.17
1709.8
1953.89
1534.63
1752.8
1401.41
1680.56
870.6
801.88
1155.07
1431.22
1768.53
1206.83
1840.88
1305.86
1454.73
1543.68
1418.11
682.32
1201.02
2028.69
1861.33
1217.71
844.79
1128.5
1475.6
2100.58
921.72
1814.56
1323.73
2123.57
1510.3
1991.21
696.75
1595.25
1433.45
1115.16
1540.84
1197.41
1038.64
1553.03
1247.53
836.05
1621.74
1548.33
1673.45
1477.55
1482.78
1347.06
2138.48
1519.01
1446.41
1110.36
1235.86
1878.88
1556.4
1562.79
766.19
1413.25
1770.65
1613.53
1831.36
2044.38
846.0
1548.26
1695.86
1609.6
1010.28
1865.48
638.23
1543.86
1617.07
1529.83
1317.28
776.76
1157.76
1771.15
1150.03
1542.1
797.18
1531.3
1740.08
1225.2
850.48
1607.09
1631.7
1744.05
421.73
1336.0
1102.66
1758.77
1851.25
449.16
1268.74
1373.45
1629.88
1915.44
1303.72
1843.33
1867.93
1077.12
1568.17
1964.99
1445.35
1571.66
1481.99
956.67
1824.77
1432.69
1290.1
1426.51
1784.61
1378.03
572.87
1361.61
1873.97
742.34
1481.99
1628.93
1435.94
1483.94
882.3
772.91
1689.47
1652.87
1260.93
1117.04
1918.3
581.73
1811.84
606.48
1537.17
875.0
1238.56
1336.56
884.58
855.47
1456.51
804.59
1829.73
1380.26
1324.32
1882.09
1352.88
1507.98
1580.17
1347.86
1279.45
1350.14
1421.22
1613.21
902.19
792.63
979.49
548.25
2047.37
1730.2
1351.49
1260.93
399.09
1184.55
1370.81
1484.49
1277.37
2081.72
1262.92
1400.84
1562.59
1789.54
1769.09
1600.91
1752.66
1420.95
1812.24
1792.82
1427.71
1570.94
1617.66
763.21
1717.35
1287.48
1135.16
1840.64
1836.99
1849.5
1245.52
1666.85
929.96
837.86
1823.84
1260.93
1779.52
422.3
1470.28
1888.62
744.72
1579.15
1688.82
1972.71
214.18
1423.16
2068.98
1987.54
721.05
1339.53
1561.44
1938.7
1721.34
1934.31
1445.52
1626.16
753.4
1510.92
1092.93
747.47
1493.98
192.61
1827.04
682.05
735.58
1569.21
1349.66
2102.51
1274.24
1898.65
1952.34
868.87
1924.43
1620.47
1972.35
738.9
751.41
1629.12
1710.87
1569.98
644.1
1738.56
2037.18
1139.9
1206.62
744.87
1719.63
1766.62
1592.78
2010.85
1664.18
1521.17
544.76
1144.48
1740.08
2020.3
1784.46
1869.25
833.94
1591.5
1452.31
1950.57
1356.44
1372.04
1647.2
1275.07
729.7
1831.63
1384.6
1469.55
1854.15
1391.79
1330.64
1508.84
1994.71
795.98
922.89
2037.74
1754.3
595.13
1610.51
1542.68
1519.01
1871.23
1856.36
1406.53
966.54
1704.8
1473.35
629.23
772.74
1483.69
987.97
1478.96
1398.4
1556.14
1912.98
1681.13
948.36
1628.85
1618.99
1217.71
1394.15
1882.11
1751.58
1617.96
1716.97
1545.23
1985.77
1611.53
1861.23
1878.88
1225.01
1385.99
1578.15
1225.2
1709.55
1725.92
1868.4
1566.76
1695.49
1933.49
542.61
1337.09
681.6
1710.44
1603.03
1621.43
1392.65
699.27
1398.78
1374.04
1452.27
1270.61
1820.93
1957.17
1258.97
1967.0
681.28
1575.2
985.66
1597.16
1204.54
1190.62
1640.5
1535.03
1199.05
690.06
1435.59
1488.3
1507.12
1856.28
1717.17
1529.21
1793.58
1773.96
1556.9
1531.56
1408.53
1243.11
1527.26
1908.96
1023.78
956.88
1873.98
742.97
1813.17
1544.26
1481.1
1429.11
1749.84
1437.79
1888.73
1818.6
877.95
1790.3
1167.65
791.58
1330.55
904.1
1850.87
1866.81
1519.62
1477.23
1669.91
302.74
1647.0
1225.54
1083.06
1725.29
1113.45
794.21
1797.35
925.99
1360.14
1714.59
819.06
1489.09
665.11
703.32
1455.72
1734.66
1206.67
707.53
1626.44
895.03
1932.95
1654.82
1621.94
1673.95
1459.31
1442.16
794.33
1710.51
1861.52
787.65
742.5
890.8
1657.62
1839.81
1176.11
2003.67
1317.33
1208.39
1912.86
1406.91
1985.95
818.68
1410.11
1568.79
898.31
1834.19
1351.48
1246.0
1793.79
1346.71
1005.97
1815.28
2013.04
1556.87
1612.76
1244.01
1170.78
1384.11
1566.36
1326.37
1963.75
1644.15
1354.21
1232.77
856.93
1758.55
1499.1
1408.15
1454.25
1877.34
2139.4
740.12
1791.56
1702.33
814.12
305.01
1505.17
1398.64
1359.22
1119.49
838.48
1660.67
1730.48
1510.99
1741.35
1743.27
1467.93
1070.41
1612.03
1023.24
1189.02
1529.62
1151.35
1082.06
676.01
1037.25
1758.2
2022.94
1737.16
1931.35
1221.22
1650.21
1663.52
1313.11
1350.28
1901.54
1279.38
1729.29
1655.61
1951.63
1547.83
1421.97
1525.87
1890.41
973.96
873.86
1429.46
1565.1
1000.98
1053.14
1141.4
1204.5
1798.38
1439.7
1398.79
1808.35
1586.57
1632.94
316.25
359.59
1883.01
1691.82
970.77
1845.25
845.86
1064.01
743.18
1629.64
1231.16
2098.91
903.73
1619.52
1430.8
636.98
1815.08
1212.23
684.78
1310.62
1736.96
1617.36
1322.11
1917.31
1498.43
597.73
1831.61
2034.68
1434.05
1980.64
1197.78
2141.81
1255.99
1770.98
969.37
1447.74
961.53
1188.93
1615.82
1495.7
1426.21
1562.15
793.3
856.2
1506.07
1252.36
1872.85
1952.55
1567.74
715.15
1357.92
1126.54
821.82
1671.85
856.93
1461.45
1361.95
1430.31
1351.24
1737.3
998.71
918.17
1818.36
1387.66
1788.38
987.16
878.8
1848.47
1086.31
1326.49
1684.71
1608.48
1346.1
246.5
1856.36
1302.36
1812.38
1365.73
1478.86
1319.75
1988.24
1716.78
1711.45
1624.25
1764.3
751.17
1923.17
1562.39
1526.07
1777.8
1777.04
1463.05
1422.94
1823.88
1691.56
1191.42
1723.68
1396.61
937.9
950.53
1719.43
2003.76
1167.67
244.62
1594.84
755.13
1584.48
1314.21
1188.59
1559.01
1510.17
1557.33
1005.2
1705.33
1193.87
1130.48
1115.0
1533.17
1524.84
1535.76
275.8
1417.63
930.84
1837.88
1301.48
1653.81
1133.52
2148.72
1845.53
1249.8
1822.64
1229.34
775.25
1519.88
1251.17
1529.86
1560.89
1437.22
715.59
1569.27
1446.07
1048.51
2013.85
1242.28
1813.4
1101.3
1481.63
1139.44
1916.99
1482.86
1897.75
1614.13
1588.26
941.53
982.2
1614.69
777.94
1426.72
1047.54
1231.15
1202.33
1926.01
1757.37
1497.69
1202.48
958.1
1639.17
2092.9
1807.85
585.9
1280.82
1103.54
1559.43
1469.96
1617.35
1709.01
1464.56
205.84
1485.7
1740.06
1489.06
1613.21
1088.74
1904.71
1844.02
1153.21
561.26
2060.1
1145.65
1756.58
1694.2
1429.99
1960.06
1222.45
1629.88
1780.97
558.8
1346.88
193.74
1746.86
799.08
922.91
1802.14
1878.87
859.2
1469.36
1593.11
1980.12
1797.43
213.58
1573.13
1165.88
1908.96
1403.65
1915.88
1809.14
2017.04
1445.44
1749.65
1205.93
1426.57
708.72
1716.82
1475.22
933.85
1135.2
1707.98
1437.43
1793.37
284.84
1729.5
1681.09
1055.62
1161.37
783.56
1529.29
1200.46
1149.85
1280.9
1124.65
1543.58
1522.75
1072.87
1410.2
1570.03
1411.38
1549.95
1398.64
1813.77
1896.92
1123.83
1214.99
1031.55
1554.87
838.12
668.5
1288.02
832.89
1860.45
1497.51
979.35
1781.44
1102.85
1963.88
1367.15
1202.66
1368.34
806.61
1320.7
1326.24
1391.27
1851.6
876.64
1388.85
1478.71
1789.8
585.81
1397.83
1420.83
889.5
1918.33
1811.04
1138.5
1392.36
501.04
1664.36
1643.54
1379.54
1277.72
806.83
1976.61
1228.12
1882.55
1126.44
866.23
2003.39
1361.61
1518.6
1164.74
1562.71
1517.16
1307.95
1324.1
828.42
1411.63
1354.71
1346.13
1462.52
841.18
1416.48
1076.22
1334.9
1483.52
1651.56
1928.68
697.32
1357.71
1970.69
972.41
1591.64
1155.07
1724.5
1187.12
1223.42
1541.95
1689.43
1661.27
860.5
1265.4
1985.24
1792.11
1805.15
1376.24
1944.92
1788.33
2034.69
1558.79
1535.52
1570.58
1851.68
1487.24
1232.39
1402.13
1461.83
1388.3
668.55
1144.6
1859.76
1321.72
1650.46
1873.06
764.89
1527.33
833.32
1573.95
1873.4
353.87
1506.4
1411.93
1597.56
1611.58
1152.65
1396.1
767.51
557.06
1392.15
1758.8
2038.11
1844.33
1765.51
1426.51
1731.36
1725.29
1898.33
851.82
1745.42
582.07
925.54
1048.04
1504.51
1020.23
1569.02
1137.81
1573.24
1598.74
1800.02
1430.21
1428.02
1708.14
1363.4
1595.59
1903.09
1706.09
1023.78
1342.73
1726.8
1280.43
1442.03
897.59
889.35
1473.22
1796.81
968.35
819.0
1193.53
1747.03
1426.71
1379.62
970.59
1818.65
1582.23
1564.74
1652.12
1418.66
1355.64
740.4
1424.45
907.82
979.31
1767.81
949.36
1324.05
2003.66
965.76
1320.49
1003.73
927.52
1115.2
1375.78
1554.23
1561.02
877.89
1516.51
1823.19
1454.92
1331.44
1715.38
1617.66
1957.68
1318.77
934.14
1455.09
1683.15
1257.24
1242.82
1578.79
1194.12
577.73
1684.79
1573.13
818.32
1150.52
1250.91
985.6
1646.0
708.49
1372.85
1236.85
1678.37
1585.74
1685.66
1829.66
1502.87
1478.71
1682.84
1768.53
1673.23
1866.58
1878.34
1617.72
1765.51
1166.42
1477.74
1288.15
1218.17
1784.87
1398.79
1208.14
1686.61
703.48
1799.36
1243.17
1046.79
1033.0
1985.95
1657.11
1490.63
1658.91
1384.77
1609.59
838.55
1452.17
912.15
1514.54
1698.1
1038.71
1474.69
1472.38
982.44
1249.8
933.2
1514.6
1855.9
776.51
1267.33
689.36
1648.11
625.17
994.77
864.81
1426.47
1543.74
1903.16
2036.15
1398.21
894.46
793.59
1001.06
1894.69
1568.67
1359.39
1425.98
1519.62
1262.24
1922.56
1557.13
1081.85
1996.66
2112.53
1963.02
1601.96
1544.12
857.93
1623.47
1213.61
1502.16
1513.59
985.96
554.82
1983.03
1491.15
868.83
1524.17
1629.12
1187.83
1605.66
1903.09
987.57
767.78
1280.29
1753.27
705.93
659.83
651.63
1847.78
1653.78
1470.79
1846.64
1366.34
1886.43
1623.61
1376.66
1692.75
1985.45
1663.23
1316.52
1528.37
914.02
712.86
1534.09
1557.11
1688.89
1612.7
901.25
1788.38
1828.3
1753.62
1955.77
1656.77
1720.71
1413.09
2140.79
1798.59
1104.08
774.83
815.14
1782.17
1021.4
1565.32
1690.88
1483.91
1121.24
1372.2
1334.21
1587.88
768.82
1401.54
1813.14
756.49
1716.02
1081.32
1628.83
1507.22
1268.35
765.25
1544.65
1512.36
1491.32
1503.08
1288.11
1646.03
1224.21
1507.95
1409.66
1823.88
985.29
1764.31
1769.21
1580.42
584.59
561.35
1845.11
997.28
843.23
1534.77
936.5
1689.41
874.99
1626.84
1756.26
1753.62
1511.13
1904.5
1847.26
1182.42
1373.34
1462.51
1580.53
1090.51
1104.13
1516.28
1359.47
1255.39
1605.84
1633.8
1293.02
1571.04
1707.42
635.07
718.75
1716.35
1492.03
1427.63
1737.16
1587.49
1211.18
1019.33
1717.32
1407.62
975.66
1851.31
1436.19
1843.29
1527.39
1840.02
1087.86
1476.87
1697.14
1747.39
2075.16
960.91
641.59
1284.07
1431.82
971.92
719.0
1799.8
1168.7
1825.6
1249.92
1717.05
1835.54
1750.12
974.57
1488.39
1678.95
1079.5
681.67
596.78
1211.18
1868.15
1636.08
695.67
1357.84
1541.81
1704.21
1553.79
1940.51
2039.16
1838.02
1477.52
2012.46
979.29
1244.62
446.57
1685.89
1481.58
1373.24
1516.28
1674.25
2081.18
1829.59
1692.15
1481.99
1431.95
1497.7
1623.71
1880.8
1997.63
1466.84
780.28
1710.51
1429.53
1236.98
1402.28
1420.15
1883.06
1067.98
975.12
1214.93
426.62
1552.63
1530.74
1605.1
1503.24
1253.13
1139.63
1381.72
1040.29
540.98
1551.0
813.67
1584.72
951.61
1876.34
687.04
1816.16
1816.9
1731.92
1610.7
1887.05
1316.24
1833.49
509.69
1268.03
2132.25
1103.28
1260.85
1499.33
1562.26
412.62
1444.05
1487.06
1310.84
1882.82
1862.63
366.53
1520.12
435.35
1605.12
1396.48
1678.71
1462.7
1767.34
1883.57
538.94
100.29
1406.2
1218.82
1155.41
1314.59
974.98
1741.25
872.11
1869.72
1494.19
773.67
821.65
1235.4
1692.07
1806.65
833.94
1623.15
1573.76
1152.51
562.11
755.6
1475.99
1315.56
1050.43
1499.4
856.77
1631.69
681.06
1282.61
1636.9
1578.03
1919.79
1668.61
1499.11
859.82
1738.79
733.07
1572.02
1171.56
1641.32
1349.21
1271.45
1487.73
1538.75
1568.88
1485.47
1930.35
1793.06
1804.08
838.14
1838.0
1344.86
1595.26
1974.27
1594.84
1690.06
594.04
1237.19
1230.61
1873.64
1492.88
1904.71
1748.74
822.44
1597.05
1696.87
1802.14
1095.27
1025.83
821.94
1502.52
2115.67
1024.66
1819.48
1603.13
1258.67
660.8
1657.76
864.7
1488.36
573.74
1116.12
1109.14
1280.64
1814.38
1963.02
859.2
1662.42
870.73
662.63
1479.0
1187.96
707.88
1522.75
1770.65
1186.82
1515.16
1149.79
1345.41
1569.11
1516.25
1170.5
1212.86
1385.5
348.47
647.05
1598.0
1221.43
1204.13
1071.22
1360.7
1238.72
898.31
1775.4
853.66
959.14
1492.64
1654.9
1570.03
1095.25
1574.07
1713.44
1726.64
1465.32
1870.99
1559.6
1592.7
1775.12
1134.27
1799.69
1491.39
1799.27
1428.06
1251.9
1715.1
1411.57
1818.29
1975.52
1947.02
1908.13
1666.33
769.04
1567.01
669.53
1352.75
1463.8
1099.32
1669.21
1980.39
1869.63
1914.42
1404.61
982.2
1442.31
1659.96
1829.69
1820.24
668.34
1531.35
518.32
1362.1
1884.02
1527.44
1536.05
1000.51
927.65
1597.52
1413.11
1275.12
1514.06
1367.88
1941.46
1624.43
627.64
1233.0
1731.35
1314.28
1345.15
1517.21
1592.22
1045.14
760.04
286.16
1830.88
890.22
1715.65
1856.16
1550.13
1467.32
1952.78
876.82
1355.0
1487.73
1398.49
1362.86
816.25
1896.45
1577.31
1471.91
436.0
1170.88
1561.43
1521.91
1035.45
1873.05
864.92
841.4
1435.96
1317.79
1840.86
1412.15
1209.4
1936.5
2021.19
1884.88
1395.64
1190.97
678.76
1787.54
1377.7
1704.84
333.13
1692.15
1797.68
1738.27
1550.82
1846.79
931.67
646.59
1726.93
1681.61
1620.67
1422.87
1246.3
1451.35
1094.57
890.31
1935.29
1113.03
1301.95
1471.03
1002.82
1175.17
1567.61
1956.8
1293.17
542.03
1477.75
1107.03
1639.01
1518.05
1259.16
1726.8
1482.47
1562.79
2024.24
1615.09
1008.53
1489.54
2116.94
1155.07
1526.08
1484.0
1175.26
432.69
1528.09
1159.98
1578.8
828.23
1505.27
1046.79
1266.2
1559.48
669.58
1492.55
2003.09
832.8
2038.03
981.8
1161.29
964.25
1611.92
1842.59
1388.16
1500.93
1264.81
951.58
760.58
1818.29
1213.1
1843.85
1720.66
1696.4
1096.44
1471.72
1496.78
1884.94
1196.97
1376.9
1675.17
740.08
1858.71
1903.75
1892.13
1792.94
1730.1
1063.45
1734.67
303.14
1443.69
1130.4
1384.23
799.44
2000.97
1411.38
1463.8
968.51
1884.88
1006.97
144.81
858.02
1028.52
1893.74
2005.47
1809.68
1593.84
1867.21
1318.52
1663.74
1086.72
1221.86
1491.34
916.13
836.88
1675.07
1325.62
752.45
1449.81
1709.43
1444.84
1645.47
1872.19
1276.2
2003.76
1675.74
1512.2
1674.91
1432.24
1389.21
808.02
1039.01
593.86
1589.85
1642.73
1738.96
1463.06
1208.19
1349.3
1346.56
573.83
1938.57
1836.31
1527.09
1863.35
1643.55
1417.97
2026.33
817.61
1241.29
797.33
1740.58
1441.31
1066.24
1258.37
1866.37
1841.42
1609.85
1342.23
879.1
1957.22
862.15
1473.24
1538.48
1286.55
1497.58
1390.8
1442.29
1189.09
942.4
2015.54
1539.12
691.19
1839.87
1391.18
1737.01
598.64
1811.18
1386.85
553.76
1204.51
568.63
316.17
1463.8
1269.11
1451.71
1670.29
1478.47
1136.64
1807.26
2136.55
642.21
1542.91
701.79
1598.01
1436.87
1166.42
992.75
1761.8
1833.68
1451.87
1473.3
963.56
1083.4
1789.13
1425.98
1422.61
1229.8
1783.69
422.49
1056.93
982.24
935.36
1761.77
744.13
1044.91
1904.5
1532.33
1259.71
410.1
1323.58
1054.73
738.08
1223.75
832.4
1607.53
1631.45
1788.51
1431.58
1746.63
875.57
1619.25
1815.49
1569.56
1657.9
2084.93
1239.2
726.2
1370.25
1352.47
2078.36
1816.03
1503.05
1000.35
1733.45
838.6
1449.99
847.33
1895.73
1467.34
1247.71
1645.22
1581.04
2035.3
1606.62
89.92
1531.54
1687.09
1144.77
1095.36
1353.52
1562.93
1420.71
922.3
1865.41
1673.8
1614.96
2022.99
1959.73
1737.87
1359.62
1639.41
1604.13
1421.17
332.21
1606.62
1811.8
1358.1
1227.42
1737.08
631.87
574.41
638.26
1822.56
1320.74
